review_id,sem_mentions_bugs,sem_mentions_performance,sem_mentions_gameplay,sem_mentions_price_value,sem_mentions_difficulty,sem_mentions_repetition_grind,sem_mentions_immersion,sem_mentions_frustration_source,sem_num_signals
21190445,0.0,0.0,1.0,0.0,0.0,1.0,0.0,1.0,0.0
68548159,0.0,0.0,0.0,0.0,0.0,0.0,0.0,1.0,0.0
10070020,0.0,0.0,1.0,0.0,0.0,0.0,0.0,1.0,2.0
10192065,0.0,0.0,0.0,0.0,0.0,0.0,0.0,0.0,0.0
10321437,0.0,0.0,1.0,1.0,1.0,0.0,0.0,1.0,4.0
10522994,0.0,0.0,0.0,0.0,0.0,0.0,1.0,0.0,1.0
10770131,0.0,0.0,1.0,0.0,0.0,0.0,0.0,1.0,2.0
10839774,1.0,1.0,1.0,1.0,0.0,0.0,0.0,1.0,5.0
10930322,0.0,1.0,0.0,0.0,0.0,0.0,0.0,1.0,2.0
11054695,0.0,0.0,0.0,1.0,0.0,0.0,0.0,1.0,2.0
11105700,1.0,0.0,1.0,1.0,0.0,0.0,0.0,1.0,4.0
11439300,0.0,0.0,0.0,1.0,0.0,0.0,0.0,1.0,2.0
11678690,0.0,0.0,0.0,0.0,0.0,0.0,0.0,0.0,0.0
11966418,1.0,0.0,1.0,0.0,0.0,0.0,1.0,1.0,4.0
11990820,0.0,0.0,1.0,0.0,0.0,0.0,0.0,0.0,1.0
12331576,0.0,0.0,0.0,0.0,0.0,0.0,0.0,0.0,0.0
12373802,0.0,0.0,1.0,0.0,0.0,0.0,0.0,0.0,1.0
12646072,0.0,0.0,1.0,0.0,0.0,0.0,0.0,0.0,1.0
13175761,0.0,0.0,1.0,1.0,1.0,0.0,0.0,1.0,4.0
13271282,0.0,1.0,1.0,0.0,0.0,0.0,0.0,1.0,3.0
13349260,0.0,0.0,1.0,0.0,0.0,0.0,1.0,0.0,2.0
13355244,0.0,0.0,1.0,0.0,1.0,0.0,0.0,0.0,2.0
13893159,0.0,0.0,1.0,0.0,1.0,1.0,0.0,1.0,4.0
13944322,1.0,0.0,0.0,1.0,0.0,0.0,0.0,1.0,3.0
14084881,0.0,0.0,1.0,0.0,0.0,0.0,0.0,0.0,1.0
14509054,0.0,0.0,0.0,0.0,0.0,0.0,0.0,1.0,1.0
14518573,0.0,0.0,0.0,0.0,0.0,0.0,0.0,0.0,0.0
14768093,0.0,0.0,1.0,0.0,0.0,0.0,1.0,0.0,2.0
14978819,1.0,0.0,1.0,0.0,0.0,0.0,0.0,1.0,3.0
15199198,0.0,0.0,1.0,0.0,1.0,0.0,0.0,0.0,2.0
15365107,1.0,1.0,0.0,1.0,0.0,0.0,0.0,1.0,4.0
15386760,0.0,0.0,1.0,0.0,0.0,0.0,1.0,0.0,2.0
15509672,0.0,0.0,0.0,1.0,0.0,0.0,0.0,1.0,2.0
15552427,0.0,0.0,0.0,1.0,0.0,0.0,0.0,1.0,2.0
15561618,1.0,0.0,0.0,1.0,0.0,0.0,0.0,1.0,3.0
15668709,0.0,0.0,0.0,0.0,0.0,0.0,0.0,0.0,0.0
15935384,0.0,0.0,1.0,0.0,0.0,0.0,1.0,0.0,2.0
1601301,0.0,0.0,1.0,0.0,1.0,0.0,1.0,0.0,3.0
16533084,1.0,1.0,0.0,0.0,0.0,0.0,0.0,1.0,3.0
16819547,0.0,0.0,0.0,0.0,0.0,0.0,0.0,1.0,1.0
16918550,0.0,0.0,1.0,0.0,0.0,0.0,1.0,1.0,3.0
17266373,0.0,0.0,0.0,1.0,0.0,0.0,0.0,0.0,1.0
17531930,0.0,0.0,0.0,0.0,0.0,0.0,0.0,0.0,0.0
17606309,0.0,0.0,0.0,0.0,0.0,0.0,0.0,0.0,0.0
17615785,1.0,0.0,1.0,0.0,0.0,1.0,0.0,1.0,4.0
17752010,0.0,0.0,1.0,0.0,0.0,0.0,0.0,0.0,1.0
18360277,0.0,0.0,1.0,1.0,1.0,0.0,0.0,1.0,4.0
18386419,0.0,1.0,1.0,1.0,0.0,0.0,1.0,1.0,5.0
18498640,0.0,0.0,0.0,1.0,0.0,0.0,0.0,1.0,2.0
18548364,0.0,0.0,0.0,1.0,0.0,0.0,0.0,1.0,2.0
18556564,1.0,0.0,1.0,1.0,0.0,1.0,1.0,1.0,6.0
18605263,0.0,0.0,1.0,0.0,0.0,0.0,0.0,0.0,1.0
18682803,0.0,0.0,1.0,0.0,0.0,1.0,0.0,1.0,3.0
18686614,1.0,0.0,1.0,1.0,0.0,1.0,0.0,1.0,5.0
18696222,1.0,0.0,0.0,1.0,0.0,0.0,0.0,1.0,3.0
18723581,0.0,0.0,1.0,0.0,1.0,0.0,0.0,1.0,3.0
18981863,1.0,1.0,1.0,1.0,1.0,1.0,1.0,1.0,8.0
18998435,0.0,0.0,1.0,0.0,0.0,0.0,0.0,0.0,1.0
19683507,0.0,0.0,0.0,1.0,0.0,0.0,0.0,1.0,2.0
19795863,0.0,0.0,0.0,0.0,0.0,0.0,0.0,0.0,0.0
19854652,0.0,0.0,1.0,0.0,0.0,1.0,1.0,0.0,3.0
19856721,0.0,0.0,0.0,0.0,0.0,0.0,0.0,1.0,1.0
19932728,0.0,0.0,1.0,0.0,0.0,0.0,0.0,0.0,1.0
20008886,1.0,1.0,0.0,0.0,0.0,0.0,0.0,1.0,3.0
20192937,1.0,0.0,1.0,1.0,0.0,0.0,0.0,0.0,3.0
20673471,0.0,0.0,1.0,0.0,0.0,0.0,1.0,1.0,3.0
20792728,1.0,1.0,1.0,1.0,0.0,0.0,1.0,1.0,6.0
20811943,0.0,0.0,1.0,0.0,0.0,0.0,1.0,0.0,2.0
20883993,0.0,0.0,0.0,1.0,0.0,0.0,0.0,1.0,2.0
21059613,0.0,0.0,1.0,0.0,1.0,0.0,0.0,0.0,2.0
21197474,0.0,0.0,1.0,0.0,0.0,0.0,0.0,0.0,1.0
21212446,0.0,0.0,1.0,1.0,0.0,0.0,0.0,0.0,2.0
21232306,0.0,0.0,1.0,1.0,0.0,0.0,0.0,0.0,2.0
21315143,0.0,0.0,0.0,0.0,0.0,0.0,0.0,1.0,1.0
21696022,0.0,0.0,0.0,0.0,0.0,0.0,0.0,0.0,0.0
21814708,0.0,0.0,1.0,0.0,0.0,0.0,0.0,0.0,1.0
22174934,0.0,1.0,1.0,1.0,0.0,1.0,0.0,1.0,5.0
22387720,1.0,1.0,0.0,0.0,0.0,0.0,0.0,0.0,2.0
22404594,0.0,0.0,0.0,0.0,0.0,0.0,0.0,0.0,0.0
22503909,1.0,1.0,0.0,0.0,0.0,0.0,0.0,1.0,3.0
22635832,0.0,0.0,1.0,0.0,0.0,0.0,0.0,0.0,1.0
22643048,0.0,0.0,1.0,0.0,0.0,0.0,0.0,0.0,1.0
22817935,1.0,0.0,1.0,0.0,0.0,0.0,0.0,1.0,3.0
23121120,0.0,0.0,0.0,0.0,0.0,0.0,0.0,0.0,0.0
23280989,0.0,0.0,0.0,0.0,0.0,0.0,0.0,1.0,1.0
23370214,1.0,1.0,1.0,1.0,0.0,1.0,1.0,1.0,7.0
23392232,0.0,0.0,1.0,1.0,0.0,1.0,0.0,1.0,4.0
23691771,0.0,0.0,0.0,0.0,0.0,0.0,0.0,1.0,1.0
23715126,0.0,0.0,0.0,0.0,0.0,0.0,0.0,0.0,0.0
23721568,0.0,1.0,1.0,1.0,0.0,1.0,1.0,1.0,6.0
23830000,1.0,0.0,0.0,1.0,0.0,0.0,0.0,1.0,3.0
23861403,0.0,0.0,0.0,0.0,0.0,0.0,0.0,0.0,0.0
23873667,0.0,0.0,0.0,0.0,0.0,0.0,0.0,1.0,1.0
24112430,0.0,0.0,1.0,0.0,0.0,0.0,0.0,1.0,2.0
24126020,0.0,0.0,1.0,0.0,0.0,0.0,1.0,0.0,2.0
24157010,0.0,0.0,0.0,0.0,0.0,0.0,0.0,0.0,0.0
24247756,0.0,0.0,1.0,0.0,0.0,0.0,1.0,0.0,2.0
24302186,0.0,0.0,0.0,0.0,0.0,0.0,0.0,1.0,1.0
24558577,0.0,0.0,0.0,0.0,0.0,0.0,0.0,1.0,1.0
24732375,1.0,1.0,1.0,0.0,0.0,1.0,0.0,1.0,5.0
24822483,0.0,0.0,1.0,0.0,0.0,1.0,1.0,0.0,3.0
24986067,1.0,0.0,1.0,1.0,0.0,1.0,1.0,1.0,6.0
25003317,0.0,0.0,0.0,1.0,0.0,0.0,0.0,1.0,2.0
25080707,1.0,1.0,0.0,1.0,0.0,0.0,0.0,1.0,4.0
25223199,0.0,0.0,0.0,1.0,0.0,0.0,0.0,0.0,1.0
25230457,0.0,0.0,0.0,0.0,0.0,0.0,0.0,1.0,1.0
25234064,0.0,0.0,0.0,1.0,0.0,0.0,0.0,1.0,2.0
25276431,1.0,0.0,0.0,1.0,0.0,0.0,0.0,1.0,3.0
25277986,0.0,0.0,0.0,0.0,0.0,0.0,0.0,1.0,1.0
25298241,0.0,0.0,0.0,1.0,0.0,0.0,0.0,1.0,2.0
25357205,0.0,0.0,1.0,1.0,1.0,0.0,1.0,1.0,5.0
25396409,0.0,0.0,0.0,1.0,0.0,0.0,0.0,1.0,2.0
25399830,0.0,0.0,0.0,1.0,0.0,0.0,0.0,1.0,2.0
25405194,0.0,1.0,0.0,1.0,0.0,0.0,0.0,1.0,3.0
25426894,0.0,0.0,0.0,0.0,0.0,1.0,0.0,1.0,2.0
25618143,0.0,0.0,1.0,0.0,0.0,0.0,0.0,0.0,1.0
25861944,0.0,0.0,0.0,0.0,0.0,0.0,0.0,0.0,0.0
25974797,0.0,0.0,0.0,0.0,0.0,0.0,0.0,0.0,0.0
26095735,0.0,0.0,0.0,1.0,0.0,0.0,0.0,1.0,2.0
26262736,1.0,0.0,0.0,0.0,0.0,0.0,0.0,1.0,2.0
26331671,1.0,1.0,0.0,0.0,0.0,0.0,0.0,1.0,3.0
26509723,0.0,1.0,0.0,0.0,0.0,0.0,0.0,0.0,1.0
26552665,0.0,0.0,0.0,1.0,0.0,0.0,0.0,1.0,2.0
26916154,0.0,0.0,1.0,0.0,0.0,0.0,1.0,0.0,2.0
26984794,0.0,0.0,1.0,1.0,0.0,0.0,0.0,0.0,2.0
27031628,0.0,0.0,1.0,0.0,0.0,0.0,1.0,0.0,2.0
27039101,0.0,0.0,1.0,0.0,0.0,0.0,0.0,0.0,1.0
27045184,0.0,0.0,1.0,0.0,0.0,0.0,0.0,0.0,1.0
27268199,0.0,0.0,0.0,0.0,0.0,0.0,0.0,0.0,0.0
27278656,0.0,0.0,0.0,0.0,0.0,0.0,0.0,0.0,0.0
27333184,0.0,1.0,0.0,0.0,0.0,0.0,0.0,0.0,1.0
27351178,0.0,0.0,0.0,0.0,0.0,0.0,0.0,0.0,0.0
27402510,0.0,0.0,0.0,0.0,0.0,0.0,0.0,0.0,0.0
27587018,0.0,0.0,1.0,0.0,1.0,0.0,1.0,1.0,4.0
27779137,0.0,0.0,0.0,0.0,0.0,0.0,0.0,0.0,0.0
28048630,0.0,0.0,0.0,0.0,0.0,0.0,0.0,0.0,0.0
28144556,0.0,0.0,0.0,0.0,0.0,0.0,0.0,1.0,1.0
28296571,0.0,0.0,0.0,1.0,0.0,0.0,0.0,0.0,1.0
28328372,0.0,0.0,0.0,1.0,0.0,0.0,0.0,0.0,1.0
28355185,1.0,0.0,1.0,0.0,0.0,1.0,1.0,1.0,5.0
2854152,0.0,0.0,0.0,0.0,0.0,0.0,0.0,0.0,0.0
28906947,0.0,0.0,1.0,1.0,0.0,0.0,1.0,1.0,4.0
29215040,0.0,0.0,1.0,0.0,0.0,0.0,1.0,0.0,2.0
29397426,0.0,1.0,1.0,1.0,1.0,0.0,1.0,0.0,5.0
29469007,0.0,0.0,0.0,0.0,0.0,0.0,1.0,0.0,1.0
29559284,0.0,1.0,1.0,0.0,0.0,0.0,0.0,1.0,3.0
29572109,0.0,0.0,1.0,1.0,0.0,0.0,0.0,0.0,2.0
29617872,0.0,0.0,1.0,1.0,0.0,1.0,0.0,1.0,4.0
29618168,0.0,0.0,1.0,0.0,0.0,0.0,1.0,1.0,3.0
29700764,0.0,0.0,0.0,0.0,0.0,0.0,0.0,1.0,1.0
29785630,0.0,0.0,0.0,1.0,0.0,0.0,1.0,1.0,3.0
29819985,0.0,0.0,1.0,0.0,1.0,1.0,1.0,1.0,5.0
30127710,1.0,0.0,1.0,1.0,0.0,1.0,0.0,1.0,5.0
30201298,0.0,1.0,0.0,0.0,0.0,0.0,0.0,1.0,2.0
30209002,0.0,0.0,0.0,0.0,0.0,0.0,0.0,0.0,0.0
30397152,0.0,0.0,1.0,0.0,0.0,1.0,1.0,1.0,4.0
30405499,0.0,0.0,0.0,0.0,0.0,0.0,0.0,1.0,1.0
30677547,1.0,0.0,1.0,0.0,1.0,0.0,1.0,1.0,5.0
30732045,1.0,1.0,0.0,1.0,0.0,0.0,0.0,1.0,4.0
30950762,1.0,1.0,0.0,1.0,0.0,0.0,0.0,1.0,4.0
31015851,1.0,1.0,0.0,1.0,0.0,0.0,0.0,1.0,4.0
31116942,0.0,0.0,0.0,0.0,0.0,0.0,0.0,0.0,0.0
31161543,1.0,1.0,1.0,1.0,1.0,1.0,1.0,1.0,8.0
31523694,0.0,0.0,1.0,1.0,0.0,0.0,0.0,0.0,2.0
31553101,0.0,0.0,1.0,0.0,0.0,0.0,0.0,1.0,2.0
31599296,0.0,1.0,0.0,0.0,0.0,0.0,1.0,1.0,3.0
31715993,0.0,0.0,1.0,0.0,0.0,0.0,0.0,0.0,1.0
31719970,0.0,0.0,0.0,0.0,0.0,0.0,0.0,1.0,1.0
31756298,0.0,0.0,0.0,0.0,0.0,0.0,0.0,1.0,1.0
31798022,0.0,0.0,1.0,1.0,0.0,1.0,1.0,0.0,4.0
31874689,1.0,1.0,0.0,0.0,0.0,0.0,0.0,1.0,3.0
31958311,0.0,0.0,0.0,0.0,0.0,0.0,0.0,0.0,0.0
32056780,1.0,0.0,1.0,1.0,1.0,1.0,0.0,1.0,6.0
32075142,1.0,0.0,0.0,0.0,0.0,0.0,0.0,1.0,2.0
32214676,0.0,0.0,0.0,0.0,0.0,0.0,0.0,0.0,0.0
32421059,0.0,0.0,0.0,1.0,0.0,0.0,0.0,1.0,2.0
32423865,0.0,0.0,0.0,0.0,0.0,0.0,0.0,1.0,1.0
32427017,0.0,0.0,0.0,1.0,0.0,0.0,0.0,1.0,2.0
32427968,0.0,0.0,0.0,0.0,0.0,0.0,0.0,1.0,1.0
32437533,0.0,0.0,0.0,0.0,0.0,0.0,0.0,1.0,1.0
32441343,0.0,0.0,0.0,0.0,0.0,0.0,0.0,0.0,0.0
32473332,0.0,0.0,0.0,0.0,0.0,0.0,0.0,0.0,0.0
32475572,0.0,0.0,0.0,0.0,0.0,0.0,0.0,1.0,1.0
32478332,0.0,0.0,1.0,0.0,0.0,0.0,0.0,0.0,1.0
32478518,0.0,0.0,0.0,1.0,0.0,0.0,0.0,1.0,2.0
32520426,1.0,1.0,0.0,0.0,0.0,0.0,0.0,1.0,3.0
32522898,0.0,0.0,0.0,0.0,0.0,0.0,0.0,1.0,1.0
32525679,1.0,1.0,0.0,1.0,0.0,0.0,0.0,1.0,4.0
32535595,0.0,0.0,0.0,0.0,0.0,0.0,0.0,1.0,1.0
32552580,0.0,0.0,1.0,0.0,1.0,0.0,0.0,1.0,3.0
32558280,0.0,0.0,1.0,0.0,0.0,1.0,0.0,1.0,3.0
32566489,0.0,0.0,0.0,0.0,0.0,0.0,0.0,0.0,0.0
32579920,0.0,0.0,0.0,0.0,0.0,0.0,0.0,0.0,0.0
32601678,0.0,0.0,0.0,1.0,0.0,0.0,0.0,0.0,1.0
32620173,0.0,0.0,0.0,0.0,0.0,0.0,0.0,1.0,1.0
32628884,0.0,0.0,0.0,0.0,0.0,0.0,0.0,0.0,0.0
32692246,0.0,0.0,1.0,0.0,0.0,0.0,0.0,0.0,1.0
32722242,0.0,0.0,1.0,1.0,1.0,1.0,0.0,1.0,5.0
32762950,0.0,0.0,1.0,1.0,0.0,0.0,0.0,1.0,3.0
32784888,0.0,0.0,0.0,0.0,0.0,0.0,0.0,1.0,1.0
32785418,0.0,0.0,0.0,0.0,0.0,0.0,0.0,0.0,0.0
32826634,1.0,1.0,1.0,1.0,1.0,1.0,1.0,1.0,8.0
32860284,0.0,0.0,0.0,0.0,0.0,0.0,0.0,0.0,0.0
32885554,0.0,0.0,0.0,0.0,0.0,0.0,0.0,1.0,1.0
33154499,0.0,1.0,0.0,0.0,0.0,0.0,0.0,1.0,2.0
33255491,0.0,0.0,1.0,0.0,0.0,0.0,0.0,0.0,1.0
33317754,0.0,1.0,1.0,0.0,0.0,0.0,0.0,1.0,3.0
33345312,1.0,1.0,1.0,0.0,0.0,0.0,0.0,1.0,4.0
33591938,0.0,0.0,1.0,0.0,0.0,0.0,0.0,1.0,2.0
33656113,0.0,0.0,1.0,0.0,0.0,1.0,0.0,1.0,3.0
33863117,0.0,1.0,1.0,0.0,0.0,0.0,0.0,0.0,2.0
33888060,0.0,0.0,0.0,0.0,0.0,0.0,0.0,1.0,1.0
34110816,0.0,0.0,0.0,0.0,0.0,0.0,0.0,1.0,1.0
34118956,0.0,0.0,0.0,0.0,0.0,0.0,0.0,0.0,0.0
34187347,0.0,0.0,0.0,0.0,0.0,0.0,0.0,0.0,0.0
34213013,0.0,0.0,0.0,1.0,0.0,0.0,0.0,1.0,2.0
34340173,0.0,0.0,1.0,0.0,0.0,0.0,1.0,1.0,3.0
34381026,1.0,1.0,1.0,1.0,0.0,1.0,0.0,1.0,6.0
34420722,0.0,0.0,1.0,0.0,0.0,0.0,0.0,0.0,1.0
34617907,1.0,0.0,0.0,0.0,0.0,0.0,0.0,1.0,2.0
34624290,1.0,0.0,1.0,1.0,0.0,0.0,0.0,1.0,4.0
34648320,0.0,0.0,0.0,1.0,0.0,0.0,0.0,1.0,2.0
34711747,0.0,0.0,0.0,0.0,0.0,0.0,0.0,1.0,1.0
34744462,0.0,0.0,0.0,0.0,0.0,0.0,0.0,0.0,0.0
34836707,0.0,0.0,0.0,0.0,0.0,0.0,0.0,1.0,1.0
34924710,1.0,0.0,0.0,0.0,0.0,0.0,0.0,0.0,1.0
34961782,0.0,1.0,0.0,0.0,0.0,0.0,0.0,1.0,2.0
35055516,0.0,1.0,1.0,1.0,0.0,1.0,0.0,1.0,5.0
35087022,1.0,0.0,1.0,1.0,0.0,0.0,1.0,1.0,5.0
35135596,0.0,0.0,1.0,1.0,0.0,0.0,0.0,1.0,3.0
35205340,1.0,1.0,1.0,1.0,0.0,1.0,0.0,1.0,6.0
35239231,1.0,1.0,1.0,1.0,1.0,0.0,0.0,1.0,6.0
35276731,0.0,0.0,0.0,1.0,0.0,0.0,0.0,1.0,2.0
35290112,0.0,0.0,0.0,0.0,0.0,0.0,0.0,1.0,1.0
35345068,0.0,0.0,0.0,0.0,0.0,0.0,0.0,1.0,1.0
35482002,0.0,0.0,0.0,0.0,0.0,0.0,0.0,0.0,0.0
35546704,0.0,0.0,0.0,0.0,0.0,0.0,0.0,1.0,1.0
35741576,0.0,0.0,0.0,0.0,0.0,0.0,0.0,1.0,1.0
35765527,0.0,0.0,0.0,0.0,0.0,0.0,0.0,1.0,1.0
35886619,0.0,0.0,0.0,0.0,0.0,0.0,0.0,1.0,1.0
35939086,0.0,0.0,1.0,0.0,0.0,1.0,0.0,1.0,3.0
35993108,0.0,0.0,0.0,0.0,0.0,0.0,0.0,0.0,0.0
36039977,0.0,0.0,1.0,1.0,0.0,0.0,0.0,1.0,3.0
36044483,1.0,0.0,0.0,0.0,0.0,0.0,0.0,0.0,1.0
36084012,1.0,0.0,1.0,0.0,1.0,0.0,0.0,1.0,4.0
36121487,0.0,0.0,0.0,0.0,0.0,0.0,1.0,0.0,1.0
36200995,1.0,1.0,1.0,1.0,0.0,0.0,0.0,1.0,5.0
36209159,0.0,0.0,1.0,1.0,1.0,0.0,1.0,0.0,4.0
36212532,0.0,0.0,0.0,0.0,0.0,0.0,0.0,0.0,0.0
36251770,1.0,1.0,0.0,1.0,0.0,0.0,0.0,1.0,4.0
36304098,0.0,0.0,1.0,1.0,0.0,0.0,0.0,1.0,3.0
36305011,0.0,1.0,1.0,0.0,1.0,0.0,0.0,0.0,3.0
36393355,0.0,0.0,0.0,0.0,0.0,0.0,0.0,1.0,1.0
36420819,1.0,1.0,1.0,1.0,0.0,0.0,0.0,1.0,5.0
36762023,0.0,0.0,0.0,0.0,0.0,0.0,0.0,0.0,0.0
36888744,0.0,0.0,0.0,0.0,0.0,0.0,0.0,0.0,0.0
36918520,0.0,0.0,1.0,0.0,1.0,0.0,0.0,0.0,2.0
37440826,0.0,0.0,0.0,0.0,0.0,0.0,0.0,0.0,0.0
37564764,0.0,0.0,0.0,0.0,0.0,0.0,0.0,0.0,0.0
3758830,0.0,0.0,1.0,1.0,0.0,0.0,1.0,0.0,3.0
37614880,0.0,0.0,1.0,0.0,0.0,0.0,1.0,0.0,2.0
37624106,0.0,0.0,1.0,0.0,0.0,0.0,0.0,0.0,1.0
37685949,0.0,0.0,1.0,0.0,0.0,0.0,0.0,0.0,1.0
37937627,0.0,0.0,0.0,0.0,0.0,0.0,0.0,1.0,1.0
37937651,0.0,0.0,0.0,1.0,0.0,0.0,0.0,0.0,1.0
37979019,0.0,0.0,0.0,0.0,0.0,0.0,0.0,1.0,1.0
38016975,0.0,0.0,0.0,0.0,0.0,0.0,1.0,0.0,1.0
38025489,0.0,0.0,0.0,0.0,0.0,0.0,1.0,0.0,1.0
38254280,0.0,0.0,0.0,1.0,0.0,0.0,0.0,1.0,2.0
38454482,1.0,1.0,0.0,0.0,0.0,1.0,0.0,1.0,4.0
38471086,0.0,0.0,0.0,0.0,0.0,0.0,0.0,1.0,1.0
38532146,0.0,1.0,0.0,0.0,0.0,0.0,0.0,1.0,2.0
38719298,0.0,0.0,0.0,0.0,0.0,0.0,0.0,1.0,1.0
38925453,1.0,0.0,0.0,1.0,0.0,0.0,0.0,1.0,3.0
39068265,0.0,0.0,1.0,0.0,0.0,0.0,0.0,1.0,2.0
39097433,1.0,0.0,0.0,0.0,0.0,0.0,0.0,0.0,1.0
39113020,0.0,0.0,0.0,1.0,0.0,1.0,0.0,1.0,3.0
39280369,0.0,0.0,0.0,1.0,0.0,0.0,0.0,1.0,2.0
39444763,0.0,0.0,0.0,0.0,0.0,1.0,0.0,1.0,2.0
39493302,0.0,0.0,1.0,0.0,0.0,0.0,0.0,1.0,2.0
39512961,1.0,0.0,0.0,0.0,0.0,0.0,0.0,0.0,1.0
39637086,0.0,0.0,1.0,0.0,1.0,0.0,0.0,0.0,2.0
39844396,0.0,0.0,0.0,0.0,0.0,0.0,0.0,0.0,0.0
39875992,0.0,0.0,0.0,0.0,0.0,0.0,0.0,0.0,0.0
40055895,0.0,1.0,1.0,0.0,1.0,0.0,1.0,1.0,5.0
40061609,1.0,1.0,1.0,1.0,1.0,0.0,1.0,1.0,7.0
40116114,1.0,0.0,1.0,1.0,0.0,1.0,1.0,1.0,6.0
40202760,1.0,0.0,1.0,0.0,1.0,0.0,0.0,1.0,4.0
40217339,1.0,0.0,0.0,0.0,0.0,0.0,0.0,1.0,2.0
40399135,1.0,1.0,0.0,0.0,0.0,0.0,0.0,1.0,3.0
40597621,1.0,1.0,1.0,1.0,0.0,1.0,0.0,1.0,6.0
40694839,0.0,1.0,1.0,1.0,1.0,1.0,0.0,1.0,6.0
40880181,1.0,0.0,1.0,1.0,1.0,1.0,0.0,1.0,6.0
40928495,0.0,0.0,1.0,0.0,1.0,1.0,0.0,1.0,4.0
41030568,0.0,0.0,1.0,0.0,0.0,0.0,1.0,0.0,2.0
41065634,0.0,0.0,1.0,0.0,0.0,0.0,0.0,0.0,1.0
41123383,1.0,1.0,1.0,1.0,0.0,0.0,0.0,1.0,5.0
41133621,0.0,0.0,0.0,0.0,0.0,0.0,0.0,1.0,1.0
41135003,0.0,0.0,0.0,0.0,0.0,0.0,0.0,1.0,1.0
41165921,0.0,0.0,0.0,0.0,0.0,0.0,0.0,1.0,1.0
41175191,0.0,1.0,0.0,0.0,0.0,0.0,0.0,0.0,1.0
41349428,0.0,0.0,1.0,0.0,0.0,0.0,0.0,1.0,2.0
41367819,0.0,0.0,0.0,0.0,0.0,0.0,0.0,0.0,0.0
41422409,0.0,0.0,0.0,0.0,0.0,0.0,0.0,0.0,0.0
41654906,1.0,0.0,1.0,1.0,0.0,1.0,0.0,1.0,5.0
41716382,0.0,0.0,1.0,0.0,0.0,0.0,0.0,0.0,1.0
41875851,1.0,1.0,1.0,0.0,0.0,0.0,0.0,1.0,4.0
41881029,1.0,1.0,1.0,0.0,0.0,0.0,1.0,1.0,5.0
41895274,0.0,0.0,0.0,1.0,0.0,0.0,0.0,1.0,2.0
41986692,0.0,0.0,0.0,0.0,0.0,0.0,0.0,1.0,1.0
41998270,0.0,0.0,1.0,0.0,0.0,1.0,1.0,1.0,4.0
42107904,0.0,0.0,1.0,0.0,1.0,0.0,1.0,1.0,4.0
42195012,1.0,0.0,0.0,1.0,0.0,0.0,0.0,1.0,3.0
42206677,0.0,0.0,0.0,0.0,0.0,0.0,0.0,1.0,1.0
42497672,0.0,0.0,0.0,0.0,0.0,0.0,0.0,1.0,1.0
42532870,0.0,1.0,0.0,0.0,0.0,0.0,0.0,1.0,2.0
42562752,0.0,0.0,1.0,0.0,0.0,0.0,0.0,0.0,1.0
42572851,0.0,0.0,1.0,0.0,0.0,0.0,1.0,0.0,2.0
42617664,1.0,0.0,0.0,0.0,0.0,0.0,0.0,0.0,1.0
42625137,0.0,0.0,0.0,0.0,0.0,0.0,0.0,1.0,1.0
42631307,0.0,0.0,0.0,0.0,0.0,0.0,0.0,1.0,1.0
42659547,0.0,0.0,0.0,0.0,0.0,0.0,0.0,0.0,0.0
42666343,1.0,0.0,1.0,0.0,0.0,0.0,0.0,0.0,2.0
42675385,0.0,0.0,1.0,1.0,0.0,0.0,0.0,1.0,3.0
42843836,0.0,0.0,0.0,0.0,0.0,0.0,0.0,1.0,1.0
42936227,1.0,0.0,0.0,0.0,0.0,0.0,0.0,1.0,2.0
42949173,0.0,0.0,0.0,0.0,0.0,0.0,0.0,0.0,0.0
42966301,0.0,0.0,0.0,0.0,0.0,0.0,0.0,0.0,0.0
43007597,0.0,0.0,0.0,0.0,0.0,0.0,0.0,1.0,1.0
43117664,1.0,0.0,1.0,1.0,1.0,1.0,0.0,1.0,6.0
43173444,1.0,0.0,0.0,0.0,0.0,0.0,0.0,1.0,2.0
43222035,1.0,1.0,1.0,1.0,0.0,1.0,0.0,1.0,6.0
43228719,0.0,1.0,0.0,0.0,0.0,0.0,0.0,1.0,2.0
43348252,0.0,0.0,0.0,0.0,0.0,0.0,0.0,1.0,1.0
43486307,1.0,0.0,1.0,0.0,0.0,0.0,0.0,1.0,3.0
43572169,0.0,0.0,1.0,0.0,1.0,0.0,0.0,0.0,2.0
43634323,1.0,0.0,0.0,0.0,0.0,0.0,0.0,1.0,2.0
43661282,0.0,0.0,1.0,0.0,0.0,0.0,1.0,1.0,3.0
43774300,0.0,0.0,1.0,0.0,0.0,1.0,1.0,1.0,4.0
43885195,0.0,0.0,0.0,0.0,0.0,0.0,0.0,0.0,0.0
44019919,0.0,0.0,0.0,0.0,0.0,0.0,0.0,1.0,1.0
44116209,0.0,0.0,1.0,0.0,1.0,1.0,0.0,1.0,4.0
44182252,0.0,0.0,1.0,0.0,0.0,0.0,0.0,0.0,1.0
44244938,1.0,0.0,1.0,1.0,0.0,0.0,0.0,1.0,4.0
44279116,1.0,1.0,1.0,0.0,0.0,0.0,0.0,1.0,4.0
44314338,0.0,0.0,0.0,0.0,0.0,0.0,0.0,1.0,1.0
44347619,0.0,0.0,0.0,0.0,0.0,0.0,0.0,0.0,0.0
44358701,0.0,0.0,1.0,0.0,0.0,0.0,0.0,1.0,2.0
44380797,1.0,0.0,0.0,0.0,0.0,0.0,0.0,1.0,2.0
44449100,0.0,0.0,1.0,0.0,0.0,0.0,0.0,1.0,2.0
44467404,0.0,0.0,1.0,0.0,0.0,1.0,1.0,1.0,4.0
44479200,0.0,1.0,0.0,0.0,0.0,0.0,0.0,1.0,2.0
44519114,0.0,0.0,1.0,0.0,1.0,0.0,0.0,1.0,3.0
44650714,0.0,0.0,0.0,0.0,0.0,0.0,0.0,0.0,0.0
44718831,1.0,1.0,1.0,0.0,0.0,1.0,0.0,1.0,5.0
44731730,1.0,0.0,0.0,0.0,0.0,0.0,0.0,1.0,2.0
44759186,0.0,0.0,0.0,0.0,0.0,0.0,0.0,0.0,0.0
44772929,1.0,1.0,1.0,0.0,1.0,1.0,0.0,1.0,6.0
44792354,1.0,1.0,1.0,1.0,0.0,0.0,0.0,1.0,5.0
44939777,0.0,0.0,0.0,1.0,0.0,0.0,0.0,0.0,1.0
45107243,1.0,0.0,0.0,0.0,0.0,0.0,0.0,1.0,2.0
45133810,0.0,0.0,0.0,0.0,0.0,0.0,0.0,1.0,1.0
45346257,0.0,0.0,0.0,0.0,0.0,0.0,0.0,0.0,0.0
45599202,1.0,0.0,0.0,0.0,0.0,0.0,0.0,1.0,2.0
45932177,1.0,0.0,1.0,0.0,0.0,1.0,0.0,1.0,4.0
45994415,0.0,0.0,1.0,0.0,0.0,0.0,0.0,0.0,1.0
46076607,1.0,0.0,1.0,0.0,0.0,0.0,0.0,1.0,3.0
46126804,0.0,0.0,0.0,0.0,0.0,0.0,0.0,0.0,0.0
46917471,1.0,0.0,1.0,0.0,0.0,0.0,0.0,1.0,3.0
47175116,0.0,0.0,0.0,0.0,0.0,0.0,0.0,1.0,1.0
47248095,1.0,0.0,1.0,0.0,0.0,1.0,0.0,1.0,4.0
47283068,0.0,0.0,1.0,0.0,0.0,0.0,0.0,0.0,1.0
47340464,0.0,0.0,0.0,0.0,0.0,0.0,0.0,0.0,0.0
47484275,0.0,0.0,0.0,1.0,0.0,1.0,0.0,1.0,3.0
47513292,0.0,0.0,0.0,0.0,0.0,0.0,0.0,1.0,1.0
47515193,0.0,0.0,1.0,0.0,0.0,1.0,0.0,1.0,3.0
47521046,0.0,1.0,0.0,0.0,0.0,0.0,0.0,0.0,1.0
47695884,0.0,0.0,0.0,1.0,0.0,0.0,0.0,1.0,2.0
47803571,0.0,0.0,1.0,0.0,0.0,0.0,0.0,0.0,1.0
47827073,0.0,0.0,1.0,0.0,0.0,0.0,0.0,0.0,1.0
47964977,0.0,0.0,0.0,0.0,0.0,0.0,0.0,0.0,0.0
47996359,0.0,0.0,1.0,0.0,0.0,0.0,1.0,0.0,2.0
48054521,0.0,0.0,0.0,1.0,0.0,0.0,0.0,0.0,1.0
48159784,0.0,0.0,0.0,0.0,0.0,0.0,0.0,1.0,1.0
48248195,0.0,1.0,1.0,0.0,0.0,0.0,0.0,0.0,2.0
48670527,0.0,0.0,1.0,0.0,0.0,0.0,1.0,0.0,2.0
48696174,0.0,0.0,1.0,0.0,1.0,1.0,0.0,0.0,3.0
48747126,0.0,0.0,1.0,0.0,1.0,0.0,0.0,0.0,2.0
48825643,1.0,0.0,0.0,0.0,0.0,0.0,0.0,1.0,2.0
48832588,0.0,0.0,0.0,0.0,0.0,0.0,0.0,0.0,0.0
48908129,0.0,0.0,0.0,0.0,0.0,0.0,0.0,1.0,1.0
48913737,1.0,1.0,0.0,0.0,0.0,0.0,0.0,1.0,3.0
48958643,1.0,1.0,1.0,1.0,0.0,1.0,0.0,1.0,6.0
48990691,1.0,0.0,0.0,0.0,0.0,0.0,0.0,1.0,2.0
49043838,0.0,0.0,1.0,0.0,0.0,0.0,0.0,1.0,2.0
49068348,1.0,1.0,0.0,0.0,0.0,0.0,0.0,1.0,3.0
49140444,0.0,0.0,0.0,0.0,0.0,0.0,0.0,1.0,1.0
49366451,0.0,0.0,0.0,0.0,0.0,0.0,0.0,0.0,0.0
49404518,1.0,0.0,0.0,0.0,0.0,0.0,0.0,1.0,2.0
49418214,1.0,0.0,0.0,0.0,0.0,0.0,0.0,1.0,2.0
49699064,1.0,0.0,1.0,0.0,1.0,1.0,0.0,1.0,5.0
49731865,1.0,0.0,1.0,1.0,0.0,0.0,0.0,1.0,4.0
49736008,0.0,0.0,0.0,0.0,0.0,0.0,0.0,1.0,1.0
49803646,0.0,0.0,0.0,1.0,0.0,0.0,0.0,1.0,2.0
49835512,0.0,0.0,0.0,0.0,0.0,0.0,0.0,1.0,1.0
49845465,0.0,0.0,1.0,0.0,1.0,0.0,0.0,1.0,3.0
49890702,1.0,1.0,0.0,0.0,0.0,0.0,0.0,1.0,3.0
4991924,0.0,0.0,0.0,0.0,0.0,0.0,0.0,0.0,0.0
50212928,0.0,0.0,1.0,0.0,1.0,0.0,0.0,0.0,2.0
50286544,1.0,0.0,1.0,0.0,0.0,1.0,1.0,1.0,5.0
50323103,0.0,0.0,0.0,0.0,0.0,0.0,0.0,0.0,0.0
50363650,0.0,1.0,0.0,0.0,0.0,0.0,0.0,1.0,2.0
50465144,1.0,1.0,0.0,0.0,0.0,1.0,0.0,1.0,4.0
50528964,1.0,1.0,0.0,0.0,0.0,0.0,0.0,1.0,3.0
50545033,0.0,0.0,1.0,1.0,1.0,1.0,1.0,1.0,6.0
50686678,0.0,0.0,0.0,0.0,0.0,0.0,0.0,1.0,1.0
50722550,0.0,0.0,1.0,1.0,0.0,0.0,0.0,1.0,3.0
50757090,0.0,0.0,0.0,0.0,0.0,0.0,0.0,1.0,1.0
50926680,0.0,0.0,1.0,0.0,0.0,0.0,0.0,0.0,1.0
51002859,0.0,0.0,1.0,0.0,0.0,1.0,0.0,1.0,3.0
51069683,0.0,0.0,1.0,0.0,0.0,1.0,0.0,1.0,3.0
51091063,0.0,0.0,1.0,0.0,0.0,0.0,1.0,0.0,2.0
51221268,0.0,1.0,0.0,0.0,0.0,0.0,0.0,0.0,1.0
51444488,0.0,0.0,0.0,0.0,0.0,0.0,0.0,1.0,1.0
51570150,0.0,0.0,1.0,0.0,0.0,0.0,0.0,0.0,1.0
51583866,0.0,0.0,0.0,0.0,0.0,0.0,0.0,1.0,1.0
51594642,0.0,0.0,1.0,0.0,0.0,0.0,1.0,0.0,2.0
51652284,0.0,0.0,1.0,0.0,1.0,0.0,0.0,0.0,2.0
51965055,0.0,0.0,1.0,0.0,0.0,0.0,0.0,0.0,1.0
52240513,0.0,0.0,1.0,0.0,0.0,0.0,0.0,0.0,1.0
52274553,0.0,0.0,1.0,0.0,0.0,1.0,0.0,1.0,3.0
52290726,0.0,0.0,1.0,0.0,1.0,0.0,0.0,0.0,2.0
52298047,0.0,0.0,1.0,0.0,1.0,0.0,0.0,0.0,2.0
52301393,0.0,0.0,0.0,0.0,0.0,0.0,0.0,0.0,0.0
52445754,0.0,0.0,0.0,0.0,0.0,0.0,0.0,0.0,0.0
52510531,0.0,0.0,0.0,0.0,0.0,0.0,0.0,0.0,0.0
52632424,0.0,0.0,0.0,0.0,0.0,0.0,0.0,1.0,1.0
52634678,0.0,0.0,1.0,0.0,0.0,0.0,0.0,0.0,1.0
52827240,0.0,0.0,0.0,0.0,0.0,0.0,0.0,1.0,1.0
52833595,0.0,1.0,0.0,0.0,0.0,0.0,0.0,1.0,2.0
52925100,0.0,0.0,0.0,0.0,0.0,0.0,0.0,0.0,0.0
52993037,0.0,0.0,1.0,0.0,0.0,0.0,0.0,0.0,1.0
53166608,0.0,0.0,0.0,0.0,0.0,0.0,0.0,0.0,0.0
53282620,0.0,0.0,1.0,0.0,0.0,1.0,0.0,1.0,3.0
53309698,0.0,0.0,0.0,0.0,0.0,0.0,0.0,1.0,1.0
53502746,0.0,0.0,1.0,0.0,0.0,0.0,0.0,0.0,1.0
53664563,0.0,0.0,0.0,0.0,0.0,0.0,0.0,0.0,0.0
53708222,0.0,0.0,0.0,0.0,0.0,0.0,0.0,0.0,0.0
53734973,0.0,0.0,0.0,0.0,0.0,0.0,0.0,0.0,0.0
53827832,1.0,0.0,0.0,0.0,0.0,0.0,0.0,1.0,2.0
54053594,0.0,0.0,0.0,0.0,0.0,0.0,0.0,0.0,0.0
54088815,0.0,0.0,1.0,0.0,0.0,0.0,0.0,0.0,1.0
54234208,1.0,1.0,1.0,1.0,1.0,1.0,0.0,1.0,7.0
54349454,0.0,0.0,1.0,0.0,0.0,0.0,0.0,0.0,1.0
54379126,1.0,0.0,1.0,1.0,1.0,1.0,0.0,1.0,6.0
54407708,0.0,0.0,1.0,0.0,0.0,0.0,1.0,1.0,3.0
5441692,0.0,0.0,0.0,0.0,0.0,0.0,0.0,0.0,0.0
54567094,1.0,0.0,1.0,0.0,1.0,1.0,0.0,1.0,5.0
54584659,0.0,0.0,0.0,1.0,0.0,0.0,0.0,1.0,2.0
54617613,0.0,0.0,0.0,0.0,0.0,1.0,0.0,0.0,1.0
54676029,0.0,0.0,0.0,0.0,0.0,0.0,0.0,1.0,1.0
54731347,1.0,0.0,1.0,0.0,0.0,1.0,0.0,1.0,4.0
54743168,0.0,0.0,1.0,1.0,1.0,1.0,0.0,1.0,5.0
54746578,1.0,0.0,1.0,0.0,0.0,1.0,0.0,1.0,4.0
54925630,0.0,0.0,1.0,1.0,0.0,0.0,1.0,0.0,3.0
54954394,1.0,0.0,0.0,0.0,0.0,0.0,0.0,1.0,2.0
55030694,0.0,1.0,1.0,0.0,0.0,0.0,0.0,0.0,2.0
55104193,0.0,0.0,0.0,0.0,0.0,1.0,0.0,0.0,1.0
55190040,0.0,0.0,1.0,0.0,1.0,0.0,0.0,0.0,2.0
55262507,0.0,0.0,1.0,0.0,0.0,0.0,0.0,1.0,2.0
55351668,0.0,0.0,0.0,0.0,0.0,0.0,1.0,0.0,1.0
55358706,0.0,0.0,1.0,0.0,0.0,0.0,0.0,1.0,2.0
55395759,0.0,0.0,1.0,0.0,1.0,1.0,0.0,1.0,4.0
55397188,0.0,0.0,0.0,0.0,0.0,0.0,0.0,1.0,1.0
55434591,0.0,0.0,1.0,0.0,1.0,0.0,1.0,0.0,3.0
55511002,0.0,0.0,1.0,1.0,0.0,1.0,0.0,0.0,3.0
55723217,0.0,0.0,0.0,1.0,0.0,0.0,0.0,1.0,2.0
55793994,0.0,0.0,1.0,0.0,0.0,0.0,0.0,0.0,1.0
56066138,0.0,0.0,0.0,0.0,0.0,0.0,0.0,0.0,0.0
56073708,0.0,0.0,1.0,0.0,0.0,0.0,0.0,0.0,1.0
56160673,0.0,0.0,1.0,0.0,1.0,0.0,0.0,1.0,3.0
56200154,0.0,0.0,1.0,0.0,0.0,0.0,0.0,1.0,2.0
56246842,0.0,0.0,0.0,1.0,0.0,0.0,0.0,1.0,2.0
56310908,0.0,0.0,0.0,0.0,0.0,0.0,0.0,0.0,0.0
56413828,0.0,0.0,0.0,0.0,0.0,0.0,0.0,0.0,0.0
56880411,0.0,0.0,0.0,0.0,0.0,0.0,1.0,0.0,1.0
56950187,0.0,0.0,0.0,0.0,0.0,0.0,0.0,0.0,0.0
56992958,0.0,0.0,1.0,0.0,0.0,0.0,0.0,0.0,1.0
57027387,0.0,0.0,0.0,0.0,0.0,0.0,0.0,0.0,0.0
57029227,0.0,0.0,1.0,0.0,0.0,0.0,0.0,0.0,1.0
57237681,0.0,0.0,0.0,0.0,0.0,0.0,0.0,0.0,0.0
57321097,0.0,0.0,0.0,1.0,0.0,0.0,0.0,0.0,1.0
57510855,0.0,1.0,0.0,0.0,0.0,0.0,0.0,1.0,2.0
57546994,0.0,0.0,1.0,0.0,0.0,1.0,1.0,0.0,3.0
57562462,0.0,0.0,0.0,0.0,0.0,0.0,0.0,1.0,1.0
57628616,0.0,0.0,1.0,0.0,0.0,0.0,0.0,0.0,1.0
57850847,0.0,0.0,0.0,0.0,0.0,0.0,0.0,0.0,0.0
57936439,0.0,0.0,0.0,1.0,0.0,0.0,0.0,1.0,2.0
58360188,0.0,0.0,0.0,0.0,0.0,0.0,0.0,0.0,0.0
58442822,0.0,0.0,0.0,0.0,0.0,0.0,0.0,1.0,1.0
58631385,0.0,0.0,0.0,0.0,0.0,0.0,0.0,0.0,0.0
58716825,0.0,0.0,1.0,0.0,0.0,0.0,0.0,0.0,1.0
58722691,0.0,0.0,0.0,0.0,0.0,0.0,1.0,0.0,1.0
58892356,0.0,0.0,1.0,1.0,0.0,0.0,0.0,0.0,2.0
59030159,0.0,0.0,0.0,0.0,0.0,0.0,0.0,0.0,0.0
59041051,0.0,0.0,0.0,0.0,0.0,0.0,0.0,0.0,0.0
59707446,0.0,0.0,1.0,0.0,0.0,0.0,0.0,1.0,2.0
59928364,0.0,0.0,1.0,0.0,0.0,0.0,0.0,1.0,2.0
60091791,0.0,0.0,1.0,0.0,0.0,0.0,1.0,0.0,2.0
60144598,0.0,0.0,1.0,0.0,1.0,0.0,0.0,0.0,2.0
60152389,0.0,0.0,0.0,0.0,0.0,0.0,0.0,0.0,0.0
60190153,0.0,0.0,1.0,0.0,0.0,0.0,0.0,0.0,1.0
60194276,0.0,0.0,0.0,0.0,0.0,0.0,0.0,0.0,0.0
60371492,0.0,0.0,0.0,0.0,0.0,0.0,0.0,1.0,1.0
60390886,0.0,0.0,1.0,0.0,1.0,0.0,0.0,0.0,2.0
60451016,0.0,0.0,1.0,0.0,0.0,0.0,0.0,1.0,2.0
60517113,0.0,0.0,0.0,0.0,0.0,0.0,0.0,0.0,0.0
60545639,0.0,0.0,0.0,0.0,0.0,0.0,0.0,0.0,0.0
60742487,0.0,0.0,0.0,0.0,0.0,0.0,0.0,0.0,0.0
60776905,0.0,0.0,0.0,0.0,0.0,0.0,0.0,0.0,0.0
60777643,0.0,1.0,1.0,0.0,0.0,0.0,0.0,0.0,2.0
60874219,0.0,0.0,1.0,0.0,0.0,0.0,0.0,0.0,1.0
60884879,1.0,0.0,1.0,1.0,0.0,1.0,0.0,1.0,5.0
60942913,0.0,0.0,1.0,0.0,0.0,0.0,0.0,0.0,1.0
61048165,0.0,0.0,0.0,0.0,0.0,0.0,0.0,0.0,0.0
61086326,0.0,0.0,1.0,0.0,0.0,0.0,0.0,0.0,1.0
61146062,0.0,0.0,0.0,0.0,0.0,0.0,0.0,0.0,0.0
61459261,0.0,0.0,0.0,0.0,0.0,0.0,0.0,0.0,0.0
61506024,0.0,0.0,1.0,0.0,0.0,0.0,0.0,0.0,1.0
61538891,0.0,0.0,0.0,0.0,0.0,0.0,0.0,0.0,0.0
61589484,0.0,0.0,0.0,0.0,0.0,0.0,0.0,0.0,0.0
61615804,0.0,0.0,1.0,1.0,0.0,1.0,0.0,1.0,4.0
61644628,0.0,0.0,0.0,0.0,0.0,0.0,0.0,0.0,0.0
61672678,0.0,0.0,0.0,0.0,0.0,0.0,0.0,0.0,0.0
61848384,1.0,1.0,0.0,0.0,0.0,0.0,0.0,1.0,3.0
61872061,0.0,0.0,1.0,0.0,0.0,1.0,0.0,1.0,3.0
61949320,0.0,0.0,0.0,0.0,0.0,0.0,0.0,1.0,1.0
61991446,0.0,0.0,0.0,0.0,0.0,0.0,0.0,1.0,1.0
62150711,0.0,0.0,1.0,0.0,0.0,1.0,0.0,1.0,3.0
62159439,0.0,0.0,0.0,0.0,0.0,0.0,0.0,1.0,1.0
62162002,0.0,0.0,1.0,0.0,0.0,1.0,0.0,1.0,3.0
62207610,0.0,0.0,0.0,1.0,0.0,0.0,0.0,0.0,1.0
62536884,0.0,0.0,1.0,0.0,1.0,0.0,0.0,1.0,3.0
62555223,0.0,0.0,0.0,0.0,0.0,0.0,0.0,0.0,0.0
62583776,0.0,0.0,0.0,0.0,0.0,0.0,0.0,1.0,1.0
62584248,1.0,1.0,0.0,0.0,0.0,0.0,0.0,1.0,3.0
62636464,0.0,0.0,1.0,0.0,0.0,0.0,0.0,0.0,1.0
62811999,1.0,0.0,0.0,0.0,0.0,0.0,0.0,1.0,2.0
62921629,0.0,0.0,0.0,0.0,0.0,0.0,0.0,1.0,1.0
63239244,0.0,0.0,0.0,0.0,0.0,0.0,0.0,0.0,0.0
63341018,0.0,0.0,1.0,1.0,0.0,0.0,1.0,0.0,3.0
63364085,0.0,0.0,1.0,0.0,0.0,0.0,0.0,0.0,1.0
63455392,0.0,1.0,1.0,1.0,1.0,1.0,0.0,1.0,6.0
63493738,1.0,0.0,0.0,0.0,0.0,0.0,0.0,1.0,2.0
63644468,0.0,0.0,0.0,0.0,0.0,0.0,0.0,0.0,0.0
63696073,0.0,0.0,1.0,0.0,0.0,0.0,1.0,0.0,2.0
63893126,0.0,0.0,1.0,1.0,1.0,1.0,0.0,1.0,5.0
63956013,0.0,0.0,0.0,0.0,0.0,0.0,0.0,0.0,0.0
63986070,0.0,0.0,1.0,0.0,0.0,1.0,1.0,1.0,4.0
64003970,0.0,0.0,1.0,0.0,0.0,0.0,0.0,1.0,2.0
64251200,0.0,0.0,0.0,0.0,0.0,0.0,0.0,0.0,0.0
64262071,0.0,0.0,1.0,0.0,0.0,0.0,0.0,0.0,1.0
64303863,1.0,0.0,1.0,0.0,0.0,0.0,1.0,1.0,4.0
64310392,0.0,0.0,1.0,1.0,0.0,0.0,0.0,0.0,2.0
64576632,0.0,0.0,0.0,0.0,0.0,0.0,0.0,0.0,0.0
64577876,0.0,0.0,0.0,0.0,0.0,0.0,0.0,0.0,0.0
64605402,0.0,0.0,0.0,0.0,0.0,0.0,0.0,1.0,1.0
64735936,0.0,0.0,1.0,0.0,0.0,0.0,0.0,1.0,2.0
64997897,1.0,1.0,0.0,1.0,0.0,0.0,0.0,1.0,4.0
65164271,0.0,0.0,1.0,0.0,0.0,0.0,1.0,0.0,2.0
65259842,0.0,0.0,1.0,0.0,0.0,0.0,0.0,0.0,1.0
65347041,0.0,0.0,0.0,1.0,0.0,0.0,0.0,0.0,1.0
65392039,0.0,1.0,1.0,1.0,0.0,0.0,1.0,0.0,4.0
65397154,0.0,0.0,1.0,0.0,0.0,0.0,0.0,1.0,2.0
65429506,0.0,0.0,0.0,0.0,0.0,0.0,0.0,0.0,0.0
65459864,0.0,0.0,1.0,0.0,0.0,0.0,0.0,1.0,2.0
65501501,0.0,0.0,1.0,0.0,0.0,1.0,0.0,1.0,3.0
65647657,0.0,0.0,0.0,0.0,0.0,0.0,1.0,0.0,1.0
65755070,0.0,0.0,0.0,0.0,0.0,0.0,0.0,1.0,1.0
65825540,0.0,0.0,1.0,0.0,0.0,0.0,0.0,0.0,1.0
65884819,0.0,0.0,1.0,0.0,0.0,0.0,0.0,0.0,1.0
65979475,0.0,1.0,0.0,1.0,0.0,0.0,0.0,1.0,3.0
66046342,0.0,0.0,0.0,1.0,0.0,0.0,0.0,1.0,2.0
66280781,1.0,0.0,0.0,0.0,0.0,0.0,0.0,0.0,1.0
66518322,0.0,0.0,1.0,1.0,1.0,0.0,1.0,1.0,5.0
66647285,0.0,0.0,1.0,0.0,0.0,0.0,0.0,0.0,1.0
66801369,0.0,0.0,0.0,0.0,0.0,0.0,0.0,0.0,0.0
67009321,0.0,0.0,0.0,0.0,0.0,0.0,0.0,0.0,0.0
67070753,0.0,0.0,1.0,0.0,0.0,0.0,0.0,0.0,1.0
67202166,0.0,0.0,1.0,0.0,0.0,0.0,1.0,0.0,2.0
67225226,0.0,0.0,1.0,1.0,1.0,1.0,0.0,1.0,5.0
67268493,0.0,0.0,1.0,0.0,0.0,0.0,0.0,1.0,2.0
67377564,0.0,0.0,1.0,0.0,1.0,0.0,0.0,1.0,3.0
67467108,0.0,0.0,0.0,0.0,0.0,0.0,1.0,0.0,1.0
67576419,0.0,0.0,0.0,0.0,0.0,0.0,0.0,0.0,0.0
67587207,0.0,0.0,0.0,0.0,0.0,0.0,0.0,0.0,0.0
67612992,0.0,0.0,1.0,0.0,0.0,0.0,1.0,0.0,2.0
67631153,0.0,0.0,1.0,1.0,0.0,0.0,1.0,0.0,3.0
67708098,1.0,0.0,0.0,0.0,0.0,0.0,0.0,1.0,2.0
67834548,1.0,0.0,1.0,0.0,1.0,0.0,1.0,1.0,5.0
67974101,0.0,0.0,1.0,0.0,0.0,1.0,0.0,1.0,3.0
68083162,0.0,0.0,0.0,0.0,0.0,0.0,0.0,0.0,0.0
68191301,0.0,0.0,1.0,0.0,0.0,0.0,0.0,0.0,1.0
68296215,1.0,0.0,1.0,0.0,0.0,0.0,0.0,1.0,3.0
68486190,0.0,0.0,0.0,0.0,0.0,0.0,0.0,0.0,0.0
68568404,0.0,0.0,1.0,0.0,0.0,0.0,0.0,0.0,1.0
68633754,0.0,0.0,0.0,0.0,0.0,0.0,0.0,0.0,0.0
68635713,0.0,0.0,0.0,0.0,0.0,0.0,0.0,0.0,0.0
68967410,1.0,0.0,0.0,0.0,0.0,0.0,0.0,1.0,2.0
69013360,0.0,0.0,0.0,0.0,0.0,0.0,0.0,1.0,1.0
69104467,0.0,0.0,1.0,1.0,0.0,0.0,0.0,0.0,2.0
69135238,0.0,0.0,0.0,0.0,0.0,0.0,0.0,0.0,0.0
69192562,0.0,0.0,0.0,0.0,0.0,1.0,0.0,0.0,1.0
69217271,0.0,0.0,0.0,0.0,0.0,0.0,0.0,0.0,0.0
69331988,0.0,0.0,0.0,0.0,0.0,0.0,0.0,0.0,0.0
69340346,0.0,0.0,0.0,0.0,0.0,0.0,0.0,0.0,0.0
69371563,0.0,1.0,0.0,0.0,0.0,0.0,0.0,1.0,2.0
69377526,0.0,1.0,0.0,0.0,0.0,0.0,0.0,0.0,1.0
69382459,0.0,0.0,0.0,0.0,0.0,0.0,0.0,0.0,0.0
69438765,0.0,0.0,0.0,0.0,0.0,0.0,0.0,0.0,0.0
69523667,0.0,0.0,0.0,0.0,0.0,0.0,0.0,0.0,0.0
6955682,0.0,0.0,0.0,0.0,0.0,0.0,1.0,0.0,1.0
69596231,0.0,0.0,1.0,0.0,0.0,0.0,0.0,1.0,2.0
69631726,0.0,0.0,0.0,0.0,0.0,0.0,0.0,1.0,1.0
69644024,0.0,0.0,1.0,0.0,0.0,0.0,1.0,0.0,2.0
69691642,0.0,0.0,0.0,0.0,0.0,0.0,1.0,0.0,1.0
69770875,1.0,1.0,0.0,0.0,0.0,0.0,0.0,1.0,3.0
69845402,0.0,0.0,0.0,0.0,0.0,0.0,1.0,0.0,1.0
69938129,0.0,0.0,0.0,0.0,0.0,1.0,0.0,0.0,1.0
70100407,0.0,0.0,0.0,0.0,0.0,0.0,0.0,1.0,1.0
70217789,0.0,0.0,0.0,1.0,0.0,0.0,0.0,1.0,2.0
7023409,0.0,0.0,0.0,0.0,0.0,0.0,0.0,0.0,0.0
70373345,0.0,0.0,1.0,0.0,0.0,0.0,0.0,1.0,2.0
70421319,0.0,0.0,1.0,1.0,0.0,0.0,0.0,1.0,3.0
70442967,0.0,0.0,1.0,0.0,0.0,0.0,1.0,0.0,2.0
70672777,0.0,0.0,1.0,1.0,0.0,0.0,0.0,0.0,2.0
70795153,0.0,0.0,0.0,0.0,0.0,0.0,0.0,0.0,0.0
70800565,1.0,0.0,0.0,1.0,0.0,0.0,0.0,1.0,3.0
70826335,0.0,0.0,1.0,0.0,0.0,0.0,0.0,0.0,1.0
7091739,0.0,0.0,1.0,0.0,0.0,0.0,0.0,0.0,1.0
70973722,0.0,1.0,1.0,1.0,0.0,0.0,0.0,1.0,4.0
71164771,0.0,0.0,1.0,0.0,0.0,1.0,0.0,1.0,3.0
71199835,1.0,0.0,1.0,0.0,1.0,1.0,1.0,1.0,6.0
71289016,0.0,0.0,0.0,0.0,0.0,0.0,0.0,0.0,0.0
71478021,0.0,0.0,1.0,1.0,0.0,0.0,0.0,1.0,3.0
71604457,0.0,0.0,0.0,0.0,0.0,0.0,1.0,0.0,1.0
71833620,0.0,0.0,0.0,0.0,0.0,0.0,0.0,0.0,0.0
71925964,0.0,0.0,0.0,0.0,0.0,0.0,0.0,1.0,1.0
71932153,0.0,0.0,0.0,0.0,0.0,0.0,0.0,0.0,0.0
71983057,0.0,0.0,0.0,0.0,0.0,0.0,0.0,0.0,0.0
72035057,0.0,0.0,1.0,1.0,0.0,1.0,0.0,1.0,4.0
72064156,0.0,0.0,0.0,0.0,0.0,0.0,0.0,0.0,0.0
72087047,1.0,0.0,0.0,0.0,0.0,0.0,0.0,0.0,1.0
72129392,0.0,0.0,0.0,0.0,0.0,0.0,0.0,0.0,0.0
72507498,0.0,0.0,1.0,0.0,0.0,0.0,0.0,0.0,1.0
72602082,0.0,0.0,1.0,1.0,0.0,0.0,0.0,1.0,3.0
72786333,1.0,1.0,1.0,0.0,0.0,0.0,0.0,1.0,4.0
72799689,0.0,0.0,0.0,0.0,0.0,0.0,0.0,0.0,0.0
72986467,0.0,0.0,0.0,0.0,0.0,0.0,0.0,0.0,0.0
73092990,0.0,0.0,0.0,0.0,0.0,0.0,1.0,0.0,1.0
73275358,0.0,0.0,1.0,1.0,0.0,0.0,1.0,0.0,3.0
73358756,0.0,0.0,0.0,0.0,0.0,0.0,0.0,0.0,0.0
73404740,0.0,0.0,0.0,0.0,0.0,0.0,0.0,0.0,0.0
73543787,0.0,0.0,0.0,0.0,0.0,0.0,0.0,1.0,1.0
73791017,0.0,0.0,0.0,0.0,0.0,0.0,0.0,0.0,0.0
74045548,0.0,0.0,1.0,1.0,0.0,0.0,0.0,0.0,2.0
74049079,0.0,0.0,0.0,0.0,0.0,0.0,0.0,0.0,0.0
74127373,0.0,1.0,0.0,0.0,0.0,0.0,0.0,0.0,1.0
74183194,0.0,0.0,1.0,0.0,0.0,0.0,0.0,1.0,2.0
74307393,0.0,0.0,1.0,0.0,0.0,1.0,0.0,1.0,3.0
74421306,0.0,0.0,1.0,0.0,0.0,1.0,1.0,0.0,3.0
74491040,0.0,0.0,0.0,0.0,0.0,0.0,0.0,0.0,0.0
74581713,0.0,0.0,0.0,0.0,0.0,0.0,0.0,1.0,1.0
74742210,0.0,1.0,1.0,0.0,0.0,0.0,0.0,1.0,3.0
74915856,0.0,0.0,0.0,0.0,0.0,0.0,0.0,0.0,0.0
75004182,0.0,0.0,0.0,0.0,0.0,0.0,0.0,1.0,1.0
75095935,0.0,0.0,0.0,0.0,0.0,0.0,0.0,0.0,0.0
75179040,0.0,0.0,1.0,0.0,0.0,0.0,0.0,0.0,1.0
75242936,1.0,0.0,0.0,0.0,0.0,0.0,0.0,0.0,1.0
75290776,0.0,0.0,0.0,0.0,0.0,0.0,1.0,0.0,1.0
75299983,0.0,0.0,0.0,0.0,0.0,0.0,0.0,0.0,0.0
75462191,0.0,0.0,0.0,0.0,0.0,0.0,0.0,0.0,0.0
75747586,0.0,0.0,0.0,0.0,0.0,0.0,0.0,0.0,0.0
75922757,1.0,0.0,1.0,0.0,0.0,0.0,0.0,1.0,3.0
75981496,0.0,0.0,0.0,0.0,0.0,0.0,0.0,0.0,0.0
76096717,0.0,0.0,0.0,0.0,0.0,0.0,1.0,0.0,1.0
76199521,0.0,0.0,1.0,0.0,1.0,0.0,1.0,0.0,3.0
76337504,0.0,0.0,0.0,0.0,0.0,0.0,0.0,0.0,0.0
76368920,0.0,0.0,1.0,0.0,0.0,0.0,0.0,0.0,1.0
76457078,1.0,0.0,1.0,0.0,1.0,0.0,1.0,1.0,5.0
76509107,0.0,0.0,0.0,0.0,0.0,0.0,0.0,0.0,0.0
76589931,0.0,1.0,0.0,0.0,0.0,0.0,0.0,1.0,2.0
76590059,0.0,0.0,0.0,0.0,0.0,0.0,0.0,0.0,0.0
76597739,0.0,0.0,1.0,0.0,0.0,0.0,0.0,1.0,2.0
76622173,0.0,0.0,1.0,0.0,0.0,0.0,0.0,1.0,2.0
76627698,0.0,0.0,1.0,0.0,0.0,0.0,0.0,1.0,2.0
76691059,1.0,0.0,0.0,0.0,0.0,0.0,0.0,1.0,2.0
76734961,0.0,0.0,1.0,0.0,0.0,0.0,0.0,0.0,1.0
76759532,0.0,0.0,1.0,0.0,1.0,1.0,1.0,1.0,5.0
76820212,0.0,0.0,1.0,0.0,0.0,0.0,1.0,0.0,2.0
76881014,0.0,0.0,1.0,0.0,0.0,0.0,1.0,0.0,2.0
76888830,0.0,0.0,0.0,0.0,0.0,0.0,0.0,0.0,0.0
76931774,1.0,0.0,0.0,0.0,0.0,0.0,0.0,1.0,2.0
76951940,0.0,0.0,1.0,0.0,1.0,0.0,1.0,0.0,3.0
77052105,0.0,0.0,1.0,0.0,0.0,0.0,1.0,0.0,2.0
77200735,0.0,0.0,0.0,0.0,0.0,0.0,0.0,0.0,0.0
77257094,0.0,0.0,1.0,0.0,0.0,0.0,0.0,0.0,1.0
77284051,0.0,0.0,1.0,0.0,0.0,0.0,0.0,0.0,1.0
77297482,0.0,0.0,0.0,1.0,0.0,0.0,0.0,0.0,1.0
77343287,0.0,0.0,0.0,0.0,0.0,0.0,0.0,0.0,0.0
77349516,0.0,0.0,1.0,0.0,0.0,0.0,0.0,1.0,2.0
77358672,0.0,0.0,0.0,1.0,0.0,0.0,0.0,0.0,1.0
77369471,1.0,0.0,1.0,1.0,1.0,0.0,0.0,1.0,5.0
77388368,1.0,0.0,1.0,1.0,0.0,1.0,0.0,1.0,5.0
77404090,0.0,0.0,1.0,0.0,0.0,0.0,1.0,0.0,2.0
77468398,0.0,0.0,0.0,0.0,0.0,0.0,0.0,0.0,0.0
77546801,0.0,0.0,0.0,0.0,0.0,0.0,0.0,0.0,0.0
77589984,0.0,0.0,1.0,0.0,0.0,0.0,0.0,0.0,1.0
77693903,0.0,0.0,0.0,0.0,0.0,0.0,0.0,0.0,0.0
77773766,0.0,0.0,0.0,0.0,0.0,1.0,0.0,1.0,2.0
77778049,0.0,0.0,0.0,0.0,0.0,0.0,0.0,0.0,0.0
77881832,0.0,0.0,1.0,0.0,0.0,0.0,1.0,0.0,2.0
77958291,1.0,0.0,1.0,0.0,0.0,0.0,0.0,1.0,3.0
77995677,0.0,0.0,0.0,0.0,0.0,0.0,0.0,0.0,0.0
78054043,0.0,0.0,0.0,0.0,0.0,0.0,0.0,0.0,0.0
78144817,0.0,0.0,0.0,0.0,0.0,0.0,0.0,1.0,1.0
78247963,0.0,0.0,1.0,0.0,0.0,0.0,0.0,0.0,1.0
78274814,0.0,0.0,1.0,0.0,1.0,1.0,1.0,0.0,4.0
78341355,0.0,0.0,1.0,0.0,0.0,0.0,1.0,0.0,2.0
78432583,1.0,1.0,0.0,0.0,0.0,0.0,0.0,1.0,3.0
78437601,0.0,0.0,1.0,0.0,0.0,0.0,0.0,0.0,1.0
78461294,0.0,0.0,0.0,0.0,0.0,0.0,1.0,0.0,1.0
78463249,0.0,0.0,1.0,0.0,0.0,0.0,0.0,0.0,1.0
78621190,0.0,0.0,0.0,0.0,0.0,0.0,0.0,0.0,0.0
78639760,0.0,0.0,1.0,0.0,0.0,0.0,0.0,0.0,1.0
79068027,0.0,0.0,1.0,0.0,0.0,0.0,0.0,0.0,1.0
7915156,1.0,0.0,0.0,1.0,0.0,0.0,0.0,1.0,3.0
79239161,0.0,0.0,1.0,0.0,1.0,0.0,0.0,0.0,2.0
79293894,0.0,0.0,1.0,0.0,0.0,1.0,0.0,0.0,2.0
79313256,0.0,0.0,0.0,0.0,0.0,0.0,0.0,0.0,0.0
7941124,0.0,0.0,1.0,0.0,0.0,0.0,1.0,1.0,3.0
79469371,0.0,0.0,1.0,0.0,1.0,1.0,1.0,0.0,4.0
79710211,0.0,0.0,0.0,0.0,0.0,0.0,0.0,0.0,0.0
79765942,0.0,0.0,0.0,0.0,0.0,0.0,0.0,0.0,0.0
79785630,0.0,0.0,0.0,0.0,0.0,0.0,0.0,1.0,1.0
80099841,0.0,0.0,0.0,0.0,0.0,0.0,0.0,0.0,0.0
80278644,0.0,0.0,0.0,0.0,0.0,0.0,0.0,0.0,0.0
80407656,0.0,0.0,1.0,0.0,0.0,1.0,0.0,0.0,2.0
80763221,0.0,0.0,0.0,0.0,0.0,0.0,0.0,0.0,0.0
8077548,0.0,0.0,1.0,0.0,0.0,0.0,0.0,0.0,1.0
80915393,1.0,0.0,1.0,1.0,0.0,1.0,1.0,1.0,6.0
80944941,0.0,0.0,0.0,0.0,0.0,0.0,0.0,0.0,0.0
80945659,0.0,0.0,0.0,1.0,0.0,0.0,0.0,1.0,2.0
81063843,1.0,0.0,0.0,0.0,0.0,0.0,0.0,0.0,1.0
81096022,0.0,0.0,1.0,0.0,0.0,0.0,0.0,0.0,1.0
81194593,0.0,0.0,0.0,0.0,0.0,0.0,0.0,0.0,0.0
81256103,0.0,0.0,1.0,0.0,0.0,0.0,0.0,0.0,1.0
81418811,0.0,0.0,1.0,0.0,0.0,0.0,0.0,0.0,1.0
81460878,0.0,0.0,0.0,1.0,0.0,0.0,0.0,0.0,1.0
81501962,0.0,0.0,1.0,0.0,0.0,0.0,0.0,0.0,1.0
81945014,0.0,0.0,0.0,0.0,0.0,1.0,0.0,0.0,1.0
8217359,0.0,0.0,0.0,0.0,0.0,0.0,0.0,0.0,0.0
82310289,0.0,0.0,1.0,0.0,0.0,0.0,0.0,0.0,1.0
8274094,0.0,0.0,1.0,1.0,0.0,0.0,0.0,0.0,2.0
82950364,0.0,0.0,0.0,0.0,0.0,0.0,0.0,0.0,0.0
83063623,0.0,0.0,0.0,0.0,0.0,0.0,0.0,0.0,0.0
83190239,0.0,1.0,1.0,0.0,0.0,0.0,1.0,0.0,3.0
83210406,0.0,0.0,1.0,0.0,0.0,0.0,1.0,0.0,2.0
83334470,0.0,0.0,0.0,0.0,0.0,0.0,0.0,0.0,0.0
83343091,0.0,0.0,0.0,0.0,0.0,0.0,0.0,0.0,0.0
83659054,0.0,0.0,0.0,0.0,0.0,0.0,0.0,0.0,0.0
83684547,0.0,0.0,0.0,0.0,0.0,0.0,0.0,1.0,1.0
83718362,0.0,0.0,0.0,0.0,0.0,0.0,0.0,1.0,1.0
83886034,0.0,0.0,0.0,0.0,0.0,0.0,0.0,0.0,0.0
83936966,1.0,0.0,1.0,1.0,0.0,0.0,1.0,1.0,5.0
84182018,1.0,0.0,0.0,1.0,0.0,0.0,0.0,1.0,3.0
84189559,0.0,0.0,1.0,0.0,0.0,0.0,1.0,0.0,2.0
84319806,0.0,0.0,1.0,0.0,0.0,0.0,0.0,1.0,2.0
84412718,0.0,0.0,1.0,0.0,1.0,0.0,0.0,0.0,2.0
84447959,0.0,0.0,0.0,1.0,0.0,0.0,0.0,0.0,1.0
84460665,0.0,0.0,0.0,0.0,0.0,0.0,0.0,0.0,0.0
84468150,1.0,1.0,0.0,0.0,0.0,0.0,0.0,1.0,3.0
84522309,0.0,0.0,1.0,0.0,1.0,0.0,0.0,0.0,2.0
84699001,0.0,0.0,1.0,0.0,0.0,0.0,0.0,0.0,1.0
84781695,0.0,0.0,1.0,1.0,0.0,0.0,0.0,1.0,3.0
84796410,0.0,1.0,0.0,1.0,0.0,0.0,0.0,1.0,3.0
84916031,0.0,0.0,1.0,1.0,1.0,0.0,1.0,0.0,4.0
85001717,0.0,0.0,0.0,0.0,0.0,0.0,1.0,1.0,2.0
85187287,0.0,0.0,0.0,0.0,0.0,0.0,0.0,0.0,0.0
85200971,0.0,0.0,0.0,1.0,0.0,0.0,0.0,0.0,1.0
8701417,0.0,0.0,0.0,0.0,1.0,0.0,0.0,0.0,1.0
8757758,0.0,0.0,1.0,0.0,0.0,0.0,1.0,0.0,2.0
8763690,0.0,0.0,1.0,0.0,0.0,1.0,1.0,0.0,3.0
9098119,0.0,0.0,1.0,0.0,0.0,0.0,0.0,1.0,2.0
9145228,1.0,1.0,0.0,1.0,0.0,0.0,0.0,1.0,4.0
9292343,0.0,0.0,1.0,0.0,0.0,0.0,0.0,1.0,2.0
9299782,0.0,0.0,1.0,0.0,0.0,0.0,0.0,1.0,2.0
9392252,0.0,0.0,0.0,0.0,0.0,0.0,1.0,0.0,1.0
9735760,0.0,0.0,1.0,0.0,0.0,0.0,0.0,0.0,1.0
9772574,0.0,0.0,0.0,0.0,0.0,0.0,0.0,0.0,0.0
